Este es un archivo con comentarios
Use "Leer a partir de..." con 2 como valor asignado.
0.0000 1.0000 0.0000 0.0000
0.2041 0.9792 0.2027 -0.3998
0.4082 0.9179 0.3969 -0.7830
0.6122 0.8184 0.5747 -1.1495
0.8163 0.6849 0.7286 -1.4994
1.0204 0.5230 0.8523 -1.8326
1.2245 0.3394 0.9406 -2.1491
1.4286 0.1417 0.9899 -2.4490
1.6327 -0.0618 0.9981 -2.7322
1.8367 -0.2628 0.9648 -2.9988
2.0408 -0.4529 0.8916 -3.2486
2.2449 -0.6242 0.7813 -3.4819
2.4490 -0.7696 0.6386 -3.6985
2.6531 -0.8830 0.4693 -3.8984
2.8571 -0.9598 0.2806 -4.0816
3.0612 -0.9968 0.0803 -4.2482
3.2653 -0.9924 -0.1234 -4.3982
3.4694 -0.9468 -0.3220 -4.5314
3.6735 -0.8619 -0.5072 -4.6481
3.8776 -0.7412 -0.6713 -4.7480
4.0816 -0.5898 -0.8076 -4.8313
4.2857 -0.4138 -0.9103 -4.8980
4.4898 -0.2208 -0.9753 -4.9479
4.6939 -0.0185 -0.9998 -4.9813
4.8980 0.1845 -0.9828 -4.9979
5.1020 0.3799 -0.9250 -4.9979
5.3061 0.5595 -0.8289 -4.9813
5.5102 0.7158 -0.6983 -4.9479
5.7143 0.8425 -0.5387 -4.8980
5.9184 0.9342 -0.3568 -4.8313
6.1224 0.9871 -0.1600 -4.7480
6.3265 0.9991 0.0433 -4.6481
6.5306 0.9695 0.2449 -4.5314
6.7347 0.8998 0.4363 -4.3982
6.9388 0.7927 0.6096 -4.2482
7.1429 0.6527 0.7576 -4.0816
7.3469 0.4856 0.8742 -3.8984
7.5510 0.2983 0.9545 -3.6985
7.7551 0.0987 0.9951 -3.4819
7.9592 -0.1050 0.9945 -3.2486
8.1633 -0.3044 0.9526 -2.9988
8.3673 -0.4911 0.8711 -2.7322
8.5714 -0.6575 0.7535 -2.4490
8.7755 -0.7965 0.6046 -2.1491
8.9796 -0.9025 0.4306 -1.8326
9.1837 -0.9711 0.2388 -1.4994
9.3878 -0.9993 0.0370 -1.1495
9.5918 -0.9861 -0.1663 -0.7830
9.7959 -0.9319 -0.3627 -0.3998
10.0000 -0.8391 -0.5440 0.0000
