     0.0     0.0     0.0     0.0     0.0
     0.0     0.0     0.0     0.0     0.0
     0.0     0.0     0.0     0.0     0.0
     0.0     0.0     0.0     0.0     0.0
     0.0     0.0     0.0     0.0     0.0
     0.0     0.0     0.0     0.0     0.0
     0.0     0.0     0.0     0.0     0.0
     0.0     0.0     0.0     0.0     0.0
     0.0     0.0     0.0     0.0     0.0
     0.0     0.0     0.0     0.0     0.0
     0.0     0.0     0.0     0.0     0.0
     0.0     0.0     0.0     0.0     0.0
     0.0     0.0     0.0     0.0     0.0
     0.0     0.0     0.0     0.0     0.0
     0.0     0.0     0.0     0.0     0.0
     0.0     0.0     0.0     0.0     0.0
     0.0     0.0     0.0     0.0     0.0
     0.0     0.0     0.0     0.0     0.0
  2528.6  2426.0  2322.7  2222.0  2120.9
  6171.2  5917.1  5664.7  5415.0  5168.3
 11470.8 10994.6 10525.2 10056.8  9598.6
 14354.1 13752.4 13160.4 12568.1 11991.1
 15027.1 14395.6 13773.4 13151.7 12545.3
 15235.5 14592.0 13958.1 13324.7 12707.1
 15350.6 14698.7 14050.3 13409.7 12777.2
 15503.7 14843.9 14183.3 13535.5 12890.5
 15573.7 14903.3 14230.8 13573.8 12916.8
 15700.4 15019.2 14342.3 13673.9 13012.7
 15780.3 15092.1 14413.0 13737.2 13073.9
 15751.0 15053.2 14374.5 13688.7 13027.1
 15741.0 15040.3 14362.1 13673.3 13012.8
 15747.2 15044.1 14366.1 13674.8 13015.0
 15752.8 15046.4 14368.7 13674.0 13015.2
 15748.4 15037.7 14361.0 13661.8 13004.8
 15687.5 14974.3 14299.8 13598.0 12944.3
 15418.6 14706.6 14038.7 13338.1 12692.2
 15468.5 14753.0 14079.4 13375.2 12723.8
 15551.8 14832.6 14151.4 13442.0 12782.7
 15587.5 14865.4 14172.4 13459.7 12787.4
 15660.4 14936.7 14234.9 13519.5 12837.2
 15712.2 14985.5 14272.2 13553.3 12858.8
 15769.2 15037.9 14315.0 13591.2 12887.2
 15814.4 15080.6 14354.4 13627.5 12920.1
 15859.8 15123.6 14394.1 13664.0 12953.3
 15860.9 15121.9 14391.2 13658.5 12947.2
 15860.6 15119.3 14387.9 13652.6 12940.6
 15866.1 15120.8 14387.7 13648.2 12935.0
 15865.1 15116.3 14382.0 13638.7 12924.8
 15895.0 15142.8 14406.8 13659.5 12944.3
 15935.5 15178.7 14440.3 13687.5 12970.4
 16001.6 15237.7 14494.9 13733.6 13012.6
 16028.0 15254.9 14506.0 13734.5 13008.4
 16104.9 15327.7 14572.4 13796.4 13064.1
 16177.2 15396.9 14635.9 13855.6 13117.7
 16217.8 15432.0 14662.2 13877.2 13131.3
 16248.0 15458.1 14679.0 13890.7 13136.0
 16302.2 15509.5 14724.5 13932.9 13171.8
 16350.5 15554.6 14763.4 13968.8 13201.9
 16355.1 15558.2 14765.0 13969.4 13200.5
 16358.7 15560.8 14765.5 13969.1 13198.3
 16366.0 15566.5 14768.2 13970.3 13196.7
 16383.2 15580.7 14777.5 13977.1 13199.1
 16411.4 15604.1 14794.4 13990.4 13207.0
 16495.0 15681.5 14864.6 14055.1 13266.3
 16541.8 15719.1 14896.0 14075.8 13283.4
 16586.7 15755.0 14925.9 14095.4 13299.4
 16661.3 15825.8 14991.7 14154.7 13355.1
 16744.4 15904.2 15065.0 14221.6 13417.9
 16807.2 15961.3 15117.1 14266.5 13458.9
 16853.9 16000.8 15151.5 14292.5 13481.2
 16899.6 16043.1 15190.4 14327.8 13513.2
 16954.8 16095.8 15239.8 14374.6 13556.2
 16974.8 16114.6 15257.4 14391.1 13571.5
 16993.4 16132.2 15273.8 14406.5 13585.8
 17022.0 16159.2 15299.0 14430.0 13607.6
 17065.3 16199.7 15336.8 14465.1 13640.4
 17129.2 16259.5 15392.5 14516.8 13688.8
 17227.1 16350.7 15477.6 14595.5 13762.7
 17308.7 16425.3 15544.7 14656.8 13817.6
 17375.5 16479.0 15591.4 14699.2 13852.5
 17451.3 16532.1 15639.8 14744.3 13891.1
 17572.5 16629.3 15731.1 14831.6 13970.4
 17690.0 16728.9 15825.4 14923.0 14053.7
 17807.5 16829.3 15920.5 15015.0 14137.6
 17877.3 16889.2 15977.2 15070.0 14187.9
 17939.7 16941.2 16025.1 15115.7 14228.1
 17960.6 16958.4 16040.9 15130.9 14241.5
 17982.8 16977.0 16058.0 15147.1 14255.9
 18013.2 17002.1 16081.1 15169.3 14275.3
 18062.4 17043.3 16119.1 15205.6 14307.5
 18146.6 17111.7 16182.2 15265.4 14361.0
 18271.5 17206.0 16268.7 15346.2 14434.3
 18465.1 17351.3 16402.0 15471.7 14548.7
 18667.8 17499.2 16534.3 15597.2 14664.5
 18876.8 17654.2 16676.1 15731.9 14791.3
 19220.8 17862.0 16857.6 15902.6 14951.4
 19658.9 18132.0 17063.1 16076.6 15117.7
 20020.5 18373.8 17247.3 16236.9 15270.4
 20365.4 18607.4 17423.9 16390.3 15416.3
 20548.4 18734.4 17522.4 16476.7 15498.3
 20619.5 18782.9 17559.4 16508.9 15529.0
 20690.6 18831.7 17596.6 16541.4 15559.9
 20796.6 18904.1 17651.7 16589.3 15605.5
 20956.5 19013.5 17734.9 16661.8 15674.5
 21198.2 19179.7 17861.8 16772.3 15779.6
 21917.3 19658.1 18205.6 17069.0 16060.5
 22694.2 20133.4 18550.1 17333.2 16310.6
 23340.8 20576.1 18841.7 17557.6 16522.9
 23820.1 20997.3 19092.1 17753.7 16707.0
 24255.6 21412.7 19341.2 17949.7 16890.4
 24764.7 21956.8 19668.8 18202.6 17108.3
 25386.4 22664.3 20107.4 18530.6 17361.8
 26033.5 23288.6 20554.5 18847.2 17603.1
 26482.0 23611.6 20888.5 19046.8 17757.8
 26619.9 23712.2 20999.7 19115.2 17807.6
 26772.9 23828.0 21125.8 19195.6 17868.4
 26990.8 23988.1 21302.8 19306.2 17950.7
 27316.7 24223.9 21565.2 19470.5 18074.7
 27870.3 24615.9 22014.0 19748.0 18280.2
 28743.5 25225.6 22735.8 20190.6 18609.2
 28961.7 25594.9 23227.8 20517.8 18835.1
 29397.5 26084.5 23649.4 20812.2 19064.7
 30374.4 26845.0 24163.2 21317.9 19361.0
 31365.3 27577.9 24643.3 21813.8 19626.0
 33010.9 28679.7 25343.7 22605.2 20084.2
 33995.5 29493.9 26116.5 23232.8 20516.9
 34019.5 29908.3 26519.6 23447.3 20684.0
 34071.9 30421.4 26917.8 23736.4 20983.4
 34078.0 30592.4 27045.4 23832.4 21088.8
 34099.3 30776.1 27184.2 23940.3 21204.7
 34115.2 31044.3 27382.3 24092.1 21370.5
 34187.0 31556.2 27735.6 24349.6 21662.1
 34315.7 32375.8 28287.2 24746.8 22119.1
 34458.6 33067.5 28745.7 25207.3 22697.7
 34621.3 33324.3 28949.0 25584.6 23198.5
 34850.7 33555.1 29597.1 26249.0 23611.1
 35102.6 33725.5 30252.4 26945.6 23946.1
 35340.9 34081.5 31195.5 27754.9 24422.9
 35635.9 34512.0 32264.3 28645.6 25002.8
 35689.5 35031.7 32643.2 29038.8 25394.1
 35615.1 35364.1 32627.7 29188.2 25607.7
 35500.8 35530.4 32612.7 29588.7 25958.3
 35460.0 35531.8 32672.2 29773.2 26100.5
 35403.6 35538.5 32742.8 29955.4 26242.9
 35334.9 35537.2 32844.3 30232.7 26456.6
 35228.4 35512.4 32982.2 30647.8 26770.1
 35089.6 35450.4 33189.2 31276.2 27240.0
 34576.1 35498.3 33655.1 32443.4 28107.2
 34116.8 35706.8 34056.6 33202.5 28770.7
 33473.4 35744.2 34484.7 33186.6 28910.6
 32612.3 35629.5 34981.6 33111.2 29213.9
 31785.6 35454.2 35211.9 33036.3 29845.2
 31130.2 35211.9 35073.9 33389.4 30651.7
 30250.9 34840.2 35307.2 33882.0 31488.2
 29649.8 34566.4 35458.5 34171.2 31993.8
 29068.9 34333.4 35623.2 34472.9 32478.2
 28855.2 34246.4 35671.6 34568.4 32642.7
 28620.7 34093.8 35685.7 34716.1 32685.1
 28391.1 33881.3 35700.3 34929.9 32684.3
 28020.1 33537.1 35683.7 35213.4 32625.1
 27494.5 33017.7 35640.1 35583.9 32500.4
 26548.6 32457.2 35471.1 35562.2 32805.7
 25656.4 31920.9 35313.3 35413.7 33252.1
 24812.3 31416.7 35192.7 35319.2 33694.9
 23693.9 30556.4 34797.5 35560.5 34233.4
 22761.9 29748.5 34389.8 35742.3 34640.6
 22428.8 29065.4 34142.7 35890.0 34550.7
 22112.9 28460.8 33921.3 35983.7 34518.8
 21837.1 28039.1 33735.3 35994.6 34705.9
 21420.4 27521.4 33467.5 35923.0 34866.1
 21284.8 27349.1 33376.7 35896.3 34916.1
 21166.1 27183.8 33300.8 35887.4 34981.2
 20953.3 26919.9 33154.5 35829.3 35043.7
 20644.4 26743.5 32837.1 35752.1 35148.7
 20205.5 26582.8 32407.7 35726.2 35390.0
 19642.2 26191.6 31812.2 35715.4 35739.3
 19048.9 25846.9 31219.1 35712.7 36085.0
 18465.2 25385.3 30635.1 35598.9 36242.6
 17931.8 24512.6 30212.0 35256.9 36038.3
 17257.2 23648.9 29699.9 34888.7 36254.5
 16903.4 22945.9 29456.9 34373.4 36287.8
 16610.9 22705.0 29070.9 34110.0 36282.5
 16431.9 22720.5 28778.5 34070.5 36323.1
 16264.8 22736.5 28529.6 34041.0 36401.3
 16192.4 22682.4 28436.3 33996.6 36399.9
 16104.9 22580.0 28263.7 33921.3 36362.8
 16017.8 22492.6 28080.6 33870.0 36366.8
 15899.6 22380.6 27806.1 33801.9 36382.0
 15622.7 22013.1 27340.5 33454.2 36183.7
 15380.1 21511.3 27331.8 32876.3 36207.1
 15131.1 21045.0 27302.0 32411.6 36269.1
 14830.7 20490.5 27060.6 31787.5 36296.3
 14769.4 20229.9 26530.3 31656.6 36065.6
 14793.6 20132.7 25978.6 31573.5 35979.1
 14755.7 20035.6 25447.9 31523.9 35725.0
 14653.5 19784.2 25308.0 31186.2 35543.9
 14566.9 19629.1 25376.5 30899.7 35581.3
 14481.7 19460.0 25429.2 30745.5 35587.1
 14453.3 19406.3 25393.3 30604.7 35594.6
 14434.7 19354.8 25475.5 30546.6 35618.6
 14392.6 19277.0 25502.2 30384.5 35630.1
 14315.6 19145.0 25504.3 30151.9 35613.9
 14333.0 19054.4 25324.6 30160.0 35311.9
 14461.6 18965.5 24949.2 30290.2 34864.5
 14538.3 18952.5 24511.3 30401.6 34630.2
 14471.8 18863.9 24296.3 30186.6 34467.7
 14408.3 18860.3 24386.7 29699.5 34672.6
 14224.5 18652.5 24545.3 29269.3 34740.7
 14284.5 18543.4 24399.0 29148.0 34540.2
 14411.0 18365.7 24077.9 29232.4 33945.3
 14499.5 18273.8 23901.6 29278.6 33637.7
 14629.8 18219.2 23637.4 29238.3 33267.1
 14595.7 18170.3 23572.2 29203.7 33163.6
 14565.1 18140.2 23514.7 29189.5 33151.8
 14560.6 18188.7 23483.0 29167.4 33333.7
 14561.5 18261.7 23515.9 29075.7 33585.5
 14560.6 18339.3 23682.8 28899.2 33807.7
 14525.9 18335.5 23921.3 28580.8 34101.1
 14498.0 18244.0 23709.6 28469.0 33717.2
 14567.5 18116.8 23461.6 28447.6 33124.9
 14783.4 17980.7 23142.8 28502.0 32509.0
 14721.2 17915.7 23014.6 28363.0 32639.1
 14804.0 18128.7 23141.4 28232.7 33080.4
 14855.1 18245.3 23295.0 28043.8 33386.3
 14840.6 18238.6 23308.3 27961.2 33237.8
 14891.4 18236.2 23282.1 27990.5 32881.8
 14878.1 18211.8 23264.4 27976.0 32769.3
 14894.6 18198.4 23207.0 27976.4 32689.9
 14893.8 18167.3 23141.8 27956.4 32529.7
 15012.2 18125.2 23006.0 27986.4 32247.9
 15037.1 18044.3 22886.7 27945.2 32010.0
 14963.3 18003.5 22875.1 27871.1 32133.0
 15022.6 18145.3 22881.1 27842.4 32590.8
 15058.8 18261.5 22967.4 27695.1 32826.9
 15132.3 18289.5 22945.5 27602.5 32516.5
 15258.4 18318.9 22886.6 27628.0 32084.7
 15312.2 18250.1 22740.8 27588.8 31797.1
 15247.4 18235.2 22790.6 27544.7 31948.6
 15257.8 18344.6 22793.8 27527.1 32382.3
 15238.7 18313.1 22755.6 27478.6 32361.1
 15244.3 18320.9 22765.4 27472.7 32362.4
 15251.5 18318.6 22735.3 27407.8 32284.2
 15307.3 18356.8 22739.2 27348.9 32197.3
 15374.2 18403.9 22741.8 27266.2 32033.8
 15454.4 18466.5 22781.5 27338.5 31920.9
 15563.5 18491.0 22732.4 27411.9 31640.3
 15572.0 18495.6 22740.0 27418.1 31628.3
 15554.5 18434.5 22695.0 27466.6 31659.1
 15518.4 18388.9 22672.8 27449.7 31624.1
 15542.2 18392.1 22677.0 27476.3 31642.0
 15557.6 18421.3 22703.3 27492.4 31650.6
 15549.3 18415.7 22697.8 27482.4 31639.1
 15550.6 18417.1 22699.3 27483.3 31639.4
 15550.4 18416.8 22698.6 27482.7 31639.1
 15557.7 18418.0 22682.7 27464.6 31628.6
 15549.8 18416.4 22697.9 27481.9 31637.9
 15551.5 18417.7 22699.2 27483.5 31640.1
 15550.3 18416.8 22698.3 27482.0 31638.2
 15550.5 18417.0 22698.5 27482.1 31638.3
 15550.4 18416.9 22698.3 27482.1 31638.2
 15550.4 18416.9 22698.3 27482.1 31638.2
 15550.4 18416.9 22698.4 27482.1 31638.2
 15550.4 18416.9 22698.4 27482.1 31638.2
 15550.4 18416.9 22698.4 27482.1 31638.2
 15550.4 18416.9 22698.4 27482.1 31638.2
 15550.4 18416.9 22698.4 27482.1 31638.2
 15550.4 18416.9 22698.4 27482.1 31638.2
 15550.4 18416.9 22698.4 27482.1 31638.2
 15558.3 18418.3 22682.0 27463.9 31628.7
 15549.9 18416.5 22697.9 27481.9 31637.8
 15551.6 18417.9 22699.4 27483.7 31640.4
 15550.4 18416.9 22698.3 27482.0 31638.0
 15550.6 18417.1 22698.4 27482.2 31638.2
 15550.5 18417.0 22698.4 27482.1 31638.1
 15550.5 18417.0 22698.3 27482.1 31638.1
 16822.0 19570.3 23236.0 27666.6 31602.1
 10873.2 11518.1 11831.2 12711.1 14215.7
 10872.7 11517.4 11830.3 12709.7 14213.9
 10873.2 11518.0 11831.2 12711.0 14215.6
 10873.2 11518.0 11831.2 12711.0 14215.6
 10873.2 11518.0 11831.2 12711.0 14215.6
 10873.2 11518.0 11831.2 12711.0 14215.6
 10873.2 11518.0 11831.2 12711.0 14215.6
 10873.2 11518.0 11831.2 12711.0 14215.6
 10873.2 11518.0 11831.2 12711.0 14215.6
 10873.2 11518.0 11831.2 12711.0 14215.6
 10873.2 11518.0 11831.2 12711.0 14215.6
 10873.2 11518.0 11831.2 12711.0 14215.6
 10873.2 11518.0 11831.2 12711.0 14215.6
 10873.2 11518.0 11831.2 12711.0 14215.6
 10873.2 11518.0 11831.2 12711.0 14215.6
 10873.2 11518.0 11831.2 12711.0 14215.6
 10873.2 11518.0 11831.2 12711.0 14215.6
 10873.2 11518.0 11831.2 12711.0 14215.6
 10873.2 11518.0 11831.2 12711.0 14215.6
 10873.2 11518.0 11831.2 12711.0 14215.6
 10873.2 11518.0 11831.2 12711.0 14215.6
 10873.2 11518.0 11831.2 12711.0 14215.6
 10873.2 11518.0 11831.2 12711.0 14215.6
 10873.2 11518.0 11831.2 12711.0 14215.6
 10873.2 11518.0 11831.2 12711.0 14215.6
 10873.2 11518.0 11831.2 12711.0 14215.6
 10873.2 11518.0 11831.2 12711.0 14215.6
 10873.2 11518.0 11831.2 12711.0 14215.6
 10873.2 11518.0 11831.2 12711.0 14215.6
 10873.2 11518.0 11831.2 12711.0 14215.6
 10873.2 11518.1 11831.2 12711.1 14215.6
 10873.2 11518.3 11831.2 12711.3 14215.6
 10873.1 11518.1 11831.2 12711.1 14215.6
 10873.2 11518.1 11831.2 12711.1 14215.6
 10873.2 11518.0 11831.3 12711.0 14215.7
 10873.3 11518.0 11831.4 12711.0 14215.7
 10873.2 11518.0 11831.2 12711.0 14215.6
 10873.2 11518.0 11831.2 12711.0 14215.6
 10873.2 11518.0 11831.2 12711.0 14215.6
 10873.2 11518.0 11831.2 12711.0 14215.6
 10873.2 11518.1 11831.2 12711.1 14215.6
 10873.3 11518.1 11831.3 12711.1 14215.7
 10873.2 11518.0 11831.3 12711.0 14215.7
 10873.2 11518.0 11831.3 12711.0 14215.6
 10873.2 11518.0 11831.2 12711.0 14215.6
 10873.2 11518.0 11831.2 12711.0 14215.6
 10873.2 11518.0 11831.2 12711.0 14215.6
 10873.2 11518.0 11831.2 12711.0 14215.6
 11044.7 11730.6 12085.3 13017.7 14560.2
 11381.8 12137.3 12564.8 13587.7 15196.6
 11943.3 12793.7 13323.7 14473.2 16176.0
 12890.9 13864.6 14537.0 15858.8 17694.4
 14587.8 15717.6 16586.3 18155.8 20192.0
 17812.1 19259.2 20361.2 22272.4 24587.3
 16739.5 19799.8 22980.2 26535.8 29797.0
 15233.2 18266.2 22491.8 27608.6 31671.0
 15008.7 17785.1 22025.7 26932.7 31064.9
 14864.7 17497.3 21714.9 26533.7 30673.0
 14714.0 17204.0 21403.4 26130.7 30280.6
 14604.9 16905.6 20997.7 25573.4 29741.0
 14578.4 16614.0 20602.1 25190.2 29313.0
 14587.4 16518.6 20603.6 24365.5 29456.4
 14622.0 16409.7 20549.4 24373.2 29338.7
 14698.9 16324.1 20421.4 24297.9 29201.6
 14790.2 16202.7 20165.7 24089.1 28903.5
 15011.6 16057.4 19737.8 23721.4 28358.4
 15290.6 15805.6 19034.1 23090.2 27511.7
 15412.5 15717.0 18724.3 22787.0 27163.6
 15483.5 15637.3 18483.9 22519.7 26867.3
 15537.6 15525.2 18127.9 22101.6 26470.7
 15598.4 15555.5 18047.1 21941.8 26288.4
 15639.4 15556.2 17924.9 21760.7 26101.8
 15708.5 15565.6 17758.4 21504.7 25848.2
 15729.1 15557.8 17590.5 21197.2 25475.0
 15858.1 15542.0 17125.5 20475.7 24703.1
 16014.2 15556.6 16864.7 20069.6 24223.1
 16145.3 15518.9 16575.1 19659.6 23723.9
 16205.7 15527.8 16483.1 19506.8 23529.2
 16303.5 15575.7 16439.6 19415.5 23392.9
 16370.4 15609.5 16283.7 19164.2 23099.7
 16436.4 15651.4 16164.0 18923.6 22841.7
 16548.8 15740.1 16045.5 18630.9 22518.2
 16543.3 15682.0 15793.7 18242.4 22116.3
 16531.8 15886.3 15908.4 18188.1 21559.8
 16490.5 15887.9 15764.6 17958.4 21247.1
 16549.4 16046.5 15719.9 17930.5 21158.9
 16633.7 16244.8 15657.1 17821.7 20977.3
 16709.4 16440.9 15663.4 17654.9 20785.3
 16757.5 16552.0 15729.6 17594.2 20697.5
 16773.6 16578.0 15684.0 17385.9 20490.1
 16767.2 16659.0 15702.8 17224.6 20272.0
 16784.1 16734.3 15735.3 17129.4 20110.9
 16771.1 16788.6 15749.2 17000.6 19963.4
 16771.7 16872.8 15766.8 16830.9 19741.2
 16739.7 16929.7 15717.3 16560.0 19380.0
 16798.6 16999.2 15819.7 16619.1 19348.5
 16693.1 16928.7 15721.0 16493.0 19127.7
 16699.3 16969.9 15735.9 16351.1 18892.9
 16731.6 17068.0 15829.2 16206.2 18504.9
 16744.9 17110.3 15879.5 16173.8 18357.4
 16730.9 17131.4 15906.0 16059.6 18155.9
 16714.3 17131.0 15899.2 15988.6 17920.7
 16718.1 17155.9 15957.5 15989.9 17726.4
 16747.3 17200.6 16053.0 16002.5 17474.7
 16751.5 17198.4 16092.4 15970.1 17326.7
 16753.7 17200.3 16113.6 15936.5 17197.2
 16737.3 17163.8 16083.9 15866.6 17022.5
 15539.8 16056.7 15584.5 15807.6 17068.0
 11858.4 12863.2 13483.4 15385.2 17190.3
 10725.0 12369.8 13616.1 15384.2 16288.3
 10629.9 11916.8 12624.3 13902.9 14538.1
 10176.9 11176.6 11748.3 12965.1 13524.6
  9541.0 10387.8 10926.3 12122.7 12637.3
  9023.9  9909.1 10462.9 11608.0 12073.4
     0.0     0.0     0.0     0.0     0.0
     0.0     0.0     0.0     0.0     0.0
     0.0     0.0     0.0     0.0     0.0
     0.0     0.0     0.0     0.0     0.0
     0.0     0.0     0.0     0.0     0.0
     0.0     0.0     0.0     0.0     0.0
     0.0     0.0     0.0     0.0     0.0
     0.0     0.0     0.0     0.0     0.0
     0.0     0.0     0.0     0.0     0.0
     0.0     0.0     0.0     0.0     0.0
